1.07658e-14,0
-0.0303981,-0.0570621
-0.0120148,-0.0120326
-0.013441,-0.0178887
0.000304835,-0.00749124
0.000388327,0.00325977
0.00441856,0.00484834
0.00169368,-0.003565
-0.00257541,0.000108608
0.00161866,-0.00353916
0.00014055,-0.000366467
-0.00137037,-0.00278788
0.00117542,-0.00238775
0.00353627,0.000304208
-0.00139134,-0.00173149
-0.00214211,-0.00522278
0.000706663,-0.000188712
0.000588942,0.00147399
-0.000649375,-0.000703592
-0.00320828,-0.000503268
0.00143949,3.60945e-05
0.00205223,-0.00125458
0.00357128,0.00133988
-0.00266922,0.00110503
0.000278725,-0.00106059
-0.00283385,-0.00017954
-0.00178362,-0.000352186
-0.000628644,-0.0016621
0.00112367,-0.00228355
0.00113664,-0.00257243
0.00127089,0.000437866
-0.000584439,-0.00168848
-6.21599e-05,-0.00145428
0.00147719,0.00108761
0.000445671,0.000151291
-0.000258149,-0.0018644
-0.000800074,-0.00139318
-0.00154415,0.000223099
0.000277029,0.000371191
0.00134344,-0.000829988
0.000544393,-0.000824061
0.000391898,0.00051286
-0.000343695,-0.000644929
-0.00132036,-0.000336028
-0.000395699,-0.000277401
-0.00086026,-0.000328739
2.81515e-05,0.000174622
0.00106476,0.000191834
-0.000753403,0.000494888
-8.30969e-05,0.000239807
-0.000866253,-0.000481923
-0.00251644,0.000237522
-0.00136128,-0.000827789
-0.000451395,-0.00122794
-0.000262566,-0.00102291
-0.000144338,-0.000184246
-0.000274629,-0.00041434
0.000451179,-0.000664038
-0.000699848,-0.00117968
-0.000461088,-0.000969051
0.000816345,-0.000668712
1.45286e-05,-0.000568605
0.00101124,-0.000584294
0.000356596,-0.00072363
0.00026615,0.000203981
0.000941124,0.000154024
0.000794871,-0.000266679
-0.000171342,0.000211007
-0.0004368,-0.000281877
0.000139638,-0.000171437
0.000267757,-2.1227e-05
-0.000333811,0.000733566
-0.000608008,0.000480057
0.00011837,0.00050837
0.000223114,-0.000502152
-9.4731e-05,-0.000350499
0.000616916,0.000455837
-1.89593e-05,0.000175957
0.000102977,0.000431327
-0.00123057,-0.000158011
-0.000362099,-0.000850792
-0.000514466,-0.000397965
-0.000641927,-0.00111487
0.000108586,-0.000253338
0.000131336,0.000362116
6.28237e-05,-6.22363e-05
0.000623313,-0.00051586
0.000683507,-0.000105394
0.000452117,-0.000326586
-0.000300429,8.0183e-05
-3.75958e-05,0.000120462
-0.00030845,-0.000482826
-0.000322718,-0.000552495
-0.00070225,-0.000393215
-0.000256539,-9.59643e-06
0.000311608,-0.000645162
0.000484378,-7.40471e-05
-0.000221775,0.000128012
0.000166593,-0.000249595
6.98133e-05,-0.000706182
-0.000598686,-0.000426519
-3.54359e-05,9.47539e-05
-0.000311051,0.00046993
0.000393157,-0.000192191
-0.00027881,-0.000575875
0.000319132,0.000117359
-0.000232467,-0.000429967
-0.00043209,0.000192661
-0.000571206,-6.37986e-05
-0.000263499,-0.000412251
0.000113636,-0.000721688
0.000244024,0.000121575
-4.01695e-05,0.000281417
9.65822e-05,-9.68196e-07
0.000411591,-0.000150231
7.91185e-05,-0.000446399
-0.000207185,-0.000426929
-0.000165433,-0.000189329
-5.55654e-05,4.78407e-06
0.000461446,-6.39944e-06
-4.76934e-05,-0.000197058
6.184e-05,-0.000208922
-0.000477252,0.000143712
0.000106115,-0.000483593
0.000890752,-0.000663141
0.000233757,0.000183609
-0.000227691,-0.000155252
0.000456338,-0.000131005
-0.00017015,-4.57954e-05
-2.22971e-05,-9.80399e-05
0.000317068,0.0004001
6.71436e-05,-0.000462363
0.000120107,-0.000740105
0.000158112,-0.000477244
-0.000252028,-0.000138672
0.000129414,-0.000144808
-1.27734e-05,-0.000154119
-1.98291e-05,0.000193875
3.18753e-05,-0.000207267
0.000184635,0.000168459
-0.000125229,0.000479606
0.000765637,-2.83823e-05
1.8246e-05,-0.000749754
-6.33147e-05,-0.000399868
-0.000299423,0.0001157
-0.000488442,6.55428e-05
3.84901e-05,-0.000318895
0.00021304,0.000194564
0.000215314,-0.000123739
-4.777e-06,-0.000199093
-0.00016988,7.30423e-05
0.000591621,-0.00016441
-0.000350995,0.000182105
-0.000327378,0.000115874
6.95502e-05,0.000175203
9.25394e-05,-0.000204083
-0.000273932,-0.000265288
0.000142065,-0.000547008
0.000299904,-0.000415392
0.000576971,-0.000292325
-0.000149638,-6.83345e-05
-0.000329515,3.55254e-05
-2.74089e-05,-0.000134995
0.000676006,-0.000390871
0.000218485,-4.16656e-05
-0.000181818,-0.000151515
5.01529e-05,0.000407772
-0.000283859,-0.000175466
7.68403e-05,-0.000364985
3.17271e-05,-0.000426161
0.000357203,-0.000340349
8.24922e-05,-0.000867493
8.62931e-06,-0.000216775
7.24072e-05,-0.000300123
0.00018261,1.24543e-05
0.000518601,-0.000149017
0.000351673,8.7052e-05
0.000463839,-0.000123595
0.00023421,4.02129e-05
-0.000311578,0.000107091
6.05512e-05,-0.000161978
0.000407339,-0.000117612
0.000175522,3.40273e-05
-0.000547283,-0.00013287
0.000188452,0.000137104
0.000207337,-0.000248589
-6.93277e-05,-0.00030608
0.000165043,0.000118076
0.000205708,0.000212171
0.000256114,-0.000303625
0.000458662,3.00284e-05
-0.000414088,2.51614e-05
-0.000381014,-0.00015429
-0.000131885,0.000207777
0.00016294,-8.98849e-05
-9.09573e-06,-0.000312098
0.000246243,-0.000270029
0.000504614,-5.63608e-05
0.000303614,-0.000173722
8.93068e-05,-8.64192e-05
8.01853e-05,3.47008e-05
-0.000274417,-5.31425e-05
-1.57859e-05,-6.85405e-05
0.000286094,-9.03335e-05
6.37866e-05,-0.000263679
-7.2065e-06,6.39368e-05
0.000340107,-0.000254062
0.000314993,0.000403802
5.84268e-05,-0.000138239
0.000167487,-5.52336e-05
0.000190871,-0.0001184
-0.000289408,-0.000103342
1.6711e-06,-0.000728958
0.000197718,-0.000531312
6.18625e-05,1.00367e-05
6.31636e-05,0.000128088
5.9111e-05,0.000104555
0.000350318,-7.02769e-05
0.000151426,-0.000145822
-0.000388491,5.06972e-05
0.000159091,0.000118094
0.000125818,-5.00365e-05
0.000261482,-0.000146372
0.000180483,-0.000205601
-9.01429e-05,-0.000348228
9.47233e-06,-0.00011765
0.0004658,-0.000147103
0.000383341,-1.67249e-05
-6.41391e-05,0.00044416
0.000157609,0.000189134
-8.13737e-06,0.000200133
0.000155894,6.81296e-05
-1.02861e-05,0.000242904
0.000460106,-3.22897e-05
0.000150867,-0.00034251
0.00014328,0.00012929
4.45863e-05,-0.000196797
0.000205552,-0.000120677
0.000122392,-1.18678e-05
-0.000100267,9.80772e-05
-3.99054e-05,5.27752e-05
0.000144344,8.05525e-05
0.000364976,-0.000352702
0.000242546,-0.000139013
-0.000122284,-0.000233722
-0.000201561,-7.4506e-05
0.000228692,-6.56388e-05
0.00027886,5.16614e-05
6.06448e-05,-0.000171484
0.000145576,-0.000266365
0.000271598,4.5403e-05
0.000104581,-8.76482e-05
-0.000233797,7.36459e-05
3.36992e-05,0.000388649
6.12869e-05,-6.84417e-05
-2.37138e-05,0.000302599
-1.99323e-05,-0.000143526
9.84068e-05,0.000117048
7.02668e-06,7.55771e-05
-0.000279453,-0.000117309
0.000143018,-0.000209978
0.000131089,-3.27727e-05
-0.000175194,-5.3468e-05
0.000389056,1.71978e-05
6.92871e-05,-5.91287e-05
-0.000227822,-0.000203457
0.000252899,-0.000159628
0.000349417,-0.000169236
-7.00702e-05,-1.99386e-05
0.000208753,8.19741e-05
0.000185105,5.426e-05
0.000262844,-0.000123652
0.000212468,-3.18172e-05
4.30771e-05,-0.000106686
0.00030201,0.00013058
0.000144338,7.81857e-05
0.000336999,-2.13308e-05
-1.31286e-05,-0.000260562
4.17136e-05,-0.000226127
0.000104856,4.30026e-05
-0.000164966,9.12413e-05
-0.000119058,0.000333868
0.00033105,0.000202701
0.000297789,0.0003889
2.27166e-05,0.000183624
0.000167725,-0.000252529
0.000122984,-9.63666e-05
4.70584e-05,-0.000101012
-9.76509e-05,7.72919e-05
4.01726e-05,8.68299e-05
0.000267774,0.00013172
1.58812e-05,1.37676e-05
-0.000239805,-9.75801e-05
-5.29226e-05,0.000115369
0.000323619,0.000149186
0.00017726,6.66216e-05
-6.85894e-05,-8.91787e-06
6.98317e-05,9.252e-05
0.000314249,-3.47367e-05
0.000130597,-6.46006e-05
0.0001804,0.00012859
-0.000135308,0.000171335
-0.000335668,-3.61466e-05
0.00021154,0.000122559
8.37617e-05,0.000133266
-0.000161496,-1.43582e-05
0.000133208,-0.000111895
-4.24303e-05,-0.000146371
0.000266153,-1.81426e-05
-0.000396518,0.000177627
0.000263476,-9.04534e-07
0.000149689,-9.48258e-05
2.7834e-05,-7.8707e-05
-0.000253808,-0.000190502
3.00414e-05,-0.000241337
0.000519321,0.000161177
7.38985e-05,0.000148733
0.000305071,-0.000456711
4.24095e-05,-0.000320944
0.000342762,-8.44256e-05
-4.8891e-05,0.000411153
-0.000381485,0.000253529
0.000210105,-6.66354e-05
-7.01259e-05,-0.000252403
-0.000241176,-0.000213097
0.000126259,-0.000368645
0.000261391,-0.000405018
0.000217685,0.000197751
-1.00412e-05,-0.000154206
0.000163627,-0.000283105
0.000454545,0
0.000163627,0.000283105
-1.00412e-05,0.000154206
0.000217685,-0.000197751
0.000261391,0.000405018
0.000126259,0.000368645
-0.000241176,0.000213097
-7.01259e-05,0.000252403
0.000210105,6.66354e-05
-0.000381485,-0.000253529
-4.8891e-05,-0.000411153
0.000342762,8.44256e-05
4.24095e-05,0.000320944
0.000305071,0.000456711
7.38985e-05,-0.000148733
0.000519321,-0.000161177
3.00414e-05,0.000241337
-0.000253808,0.000190502
2.7834e-05,7.8707e-05
0.000149689,9.48258e-05
0.000263476,9.04534e-07
-0.000396518,-0.000177627
0.000266153,1.81426e-05
-4.24303e-05,0.000146371
0.000133208,0.000111895
-0.000161496,1.43582e-05
8.37617e-05,-0.000133266
0.00021154,-0.000122559
-0.000335668,3.61466e-05
-0.000135308,-0.000171335
0.0001804,-0.00012859
0.000130597,6.46006e-05
0.000314249,3.47367e-05
6.98317e-05,-9.252e-05
-6.85894e-05,8.91787e-06
0.00017726,-6.66216e-05
0.000323619,-0.000149186
-5.29226e-05,-0.000115369
-0.000239805,9.75801e-05
1.58812e-05,-1.37676e-05
0.000267774,-0.00013172
4.01726e-05,-8.68299e-05
-9.76509e-05,-7.72919e-05
4.70584e-05,0.000101012
0.000122984,9.63666e-05
0.000167725,0.000252529
2.27166e-05,-0.000183624
0.000297789,-0.0003889
0.00033105,-0.000202701
-0.000119058,-0.000333868
-0.000164966,-9.12413e-05
0.000104856,-4.30026e-05
4.17136e-05,0.000226127
-1.31286e-05,0.000260562
0.000336999,2.13308e-05
0.000144338,-7.81857e-05
0.00030201,-0.00013058
4.30771e-05,0.000106686
0.000212468,3.18172e-05
0.000262844,0.000123652
0.000185105,-5.426e-05
0.000208753,-8.19741e-05
-7.00702e-05,1.99386e-05
0.000349417,0.000169236
0.000252899,0.000159628
-0.000227822,0.000203457
6.92871e-05,5.91287e-05
0.000389056,-1.71978e-05
-0.000175194,5.3468e-05
0.000131089,3.27727e-05
0.000143018,0.000209978
-0.000279453,0.000117309
7.02668e-06,-7.55771e-05
9.84068e-05,-0.000117048
-1.99323e-05,0.000143526
-2.37138e-05,-0.000302599
6.12869e-05,6.84417e-05
3.36992e-05,-0.000388649
-0.000233797,-7.36459e-05
0.000104581,8.76482e-05
0.000271598,-4.5403e-05
0.000145576,0.000266365
6.06448e-05,0.000171484
0.00027886,-5.16614e-05
0.000228692,6.56388e-05
-0.000201561,7.4506e-05
-0.000122284,0.000233722
0.000242546,0.000139013
0.000364976,0.000352702
0.000144344,-8.05525e-05
-3.99054e-05,-5.27752e-05
-0.000100267,-9.80772e-05
0.000122392,1.18678e-05
0.000205552,0.000120677
4.45863e-05,0.000196797
0.00014328,-0.00012929
0.000150867,0.00034251
0.000460106,3.22897e-05
-1.02861e-05,-0.000242904
0.000155894,-6.81296e-05
-8.13737e-06,-0.000200133
0.000157609,-0.000189134
-6.41391e-05,-0.00044416
0.000383341,1.67249e-05
0.0004658,0.000147103
9.47233e-06,0.00011765
-9.01429e-05,0.000348228
0.000180483,0.000205601
0.000261482,0.000146372
0.000125818,5.00365e-05
0.000159091,-0.000118094
-0.000388491,-5.06972e-05
0.000151426,0.000145822
0.000350318,7.02769e-05
5.9111e-05,-0.000104555
6.31636e-05,-0.000128088
6.18625e-05,-1.00367e-05
0.000197718,0.000531312
1.6711e-06,0.000728958
-0.000289408,0.000103342
0.000190871,0.0001184
0.000167487,5.52336e-05
5.84268e-05,0.000138239
0.000314993,-0.000403802
0.000340107,0.000254062
-7.2065e-06,-6.39368e-05
6.37866e-05,0.000263679
0.000286094,9.03335e-05
-1.57859e-05,6.85405e-05
-0.000274417,5.31425e-05
8.01853e-05,-3.47008e-05
8.93068e-05,8.64192e-05
0.000303614,0.000173722
0.000504614,5.63608e-05
0.000246243,0.000270029
-9.09573e-06,0.000312098
0.00016294,8.98849e-05
-0.000131885,-0.000207777
-0.000381014,0.00015429
-0.000414088,-2.51614e-05
0.000458662,-3.00284e-05
0.000256114,0.000303625
0.000205708,-0.000212171
0.000165043,-0.000118076
-6.93277e-05,0.00030608
0.000207337,0.000248589
0.000188452,-0.000137104
-0.000547283,0.00013287
0.000175522,-3.40273e-05
0.000407339,0.000117612
6.05512e-05,0.000161978
-0.000311578,-0.000107091
0.00023421,-4.02129e-05
0.000463839,0.000123595
0.000351673,-8.7052e-05
0.000518601,0.000149017
0.00018261,-1.24543e-05
7.24072e-05,0.000300123
8.62931e-06,0.000216775
8.24922e-05,0.000867493
0.000357203,0.000340349
3.17271e-05,0.000426161
7.68403e-05,0.000364985
-0.000283859,0.000175466
5.01529e-05,-0.000407772
-0.000181818,0.000151515
0.000218485,4.16656e-05
0.000676006,0.000390871
-2.74089e-05,0.000134995
-0.000329515,-3.55254e-05
-0.000149638,6.83345e-05
0.000576971,0.000292325
0.000299904,0.000415392
0.000142065,0.000547008
-0.000273932,0.000265288
9.25394e-05,0.000204083
6.95502e-05,-0.000175203
-0.000327378,-0.000115874
-0.000350995,-0.000182105
0.000591621,0.00016441
-0.00016988,-7.30423e-05
-4.777e-06,0.000199093
0.000215314,0.000123739
0.00021304,-0.000194564
3.84901e-05,0.000318895
-0.000488442,-6.55428e-05
-0.000299423,-0.0001157
-6.33147e-05,0.000399868
1.8246e-05,0.000749754
0.000765637,2.83823e-05
-0.000125229,-0.000479606
0.000184635,-0.000168459
3.18753e-05,0.000207267
-1.98291e-05,-0.000193875
-1.27734e-05,0.000154119
0.000129414,0.000144808
-0.000252028,0.000138672
0.000158112,0.000477244
0.000120107,0.000740105
6.71436e-05,0.000462363
0.000317068,-0.0004001
-2.22971e-05,9.80399e-05
-0.00017015,4.57954e-05
0.000456338,0.000131005
-0.000227691,0.000155252
0.000233757,-0.000183609
0.000890752,0.000663141
0.000106115,0.000483593
-0.000477252,-0.000143712
6.184e-05,0.000208922
-4.76934e-05,0.000197058
0.000461446,6.39944e-06
-5.55654e-05,-4.78407e-06
-0.000165433,0.000189329
-0.000207185,0.000426929
7.91185e-05,0.000446399
0.000411591,0.000150231
9.65822e-05,9.68196e-07
-4.01695e-05,-0.000281417
0.000244024,-0.000121575
0.000113636,0.000721688
-0.000263499,0.000412251
-0.000571206,6.37986e-05
-0.00043209,-0.000192661
-0.000232467,0.000429967
0.000319132,-0.000117359
-0.00027881,0.000575875
0.000393157,0.000192191
-0.000311051,-0.00046993
-3.54359e-05,-9.47539e-05
-0.000598686,0.000426519
6.98133e-05,0.000706182
0.000166593,0.000249595
-0.000221775,-0.000128012
0.000484378,7.40471e-05
0.000311608,0.000645162
-0.000256539,9.59643e-06
-0.00070225,0.000393215
-0.000322718,0.000552495
-0.00030845,0.000482826
-3.75958e-05,-0.000120462
-0.000300429,-8.0183e-05
0.000452117,0.000326586
0.000683507,0.000105394
0.000623313,0.00051586
6.28237e-05,6.22363e-05
0.000131336,-0.000362116
0.000108586,0.000253338
-0.000641927,0.00111487
-0.000514466,0.000397965
-0.000362099,0.000850792
-0.00123057,0.000158011
0.000102977,-0.000431327
-1.89593e-05,-0.000175957
0.000616916,-0.000455837
-9.4731e-05,0.000350499
0.000223114,0.000502152
0.00011837,-0.00050837
-0.000608008,-0.000480057
-0.000333811,-0.000733566
0.000267757,2.1227e-05
0.000139638,0.000171437
-0.0004368,0.000281877
-0.000171342,-0.000211007
0.000794871,0.000266679
0.000941124,-0.000154024
0.00026615,-0.000203981
0.000356596,0.00072363
0.00101124,0.000584294
1.45286e-05,0.000568605
0.000816345,0.000668712
-0.000461088,0.000969051
-0.000699848,0.00117968
0.000451179,0.000664038
-0.000274629,0.00041434
-0.000144338,0.000184246
-0.000262566,0.00102291
-0.000451395,0.00122794
-0.00136128,0.000827789
-0.00251644,-0.000237522
-0.000866253,0.000481923
-8.30969e-05,-0.000239807
-0.000753403,-0.000494888
0.00106476,-0.000191834
2.81515e-05,-0.000174622
-0.00086026,0.000328739
-0.000395699,0.000277401
-0.00132036,0.000336028
-0.000343695,0.000644929
0.000391898,-0.00051286
0.000544393,0.000824061
0.00134344,0.000829988
0.000277029,-0.000371191
-0.00154415,-0.000223099
-0.000800074,0.00139318
-0.000258149,0.0018644
0.000445671,-0.000151291
0.00147719,-0.00108761
-6.21599e-05,0.00145428
-0.000584439,0.00168848
0.00127089,-0.000437866
0.00113664,0.00257243
0.00112367,0.00228355
-0.000628644,0.0016621
-0.00178362,0.000352186
-0.00283385,0.00017954
0.000278725,0.00106059
-0.00266922,-0.00110503
0.00357128,-0.00133988
0.00205223,0.00125458
0.00143949,-3.60945e-05
-0.00320828,0.000503268
-0.000649375,0.000703592
0.000588942,-0.00147399
0.000706663,0.000188712
-0.00214211,0.00522278
-0.00139134,0.00173149
0.00353627,-0.000304208
0.00117542,0.00238775
-0.00137037,0.00278788
0.00014055,0.000366467
0.00161866,0.00353916
-0.00257541,-0.000108608
0.00169368,0.003565
0.00441856,-0.00484834
0.000388327,-0.00325977
0.000304835,0.00749124
-0.013441,0.0178887
-0.0120148,0.0120326
-0.0303981,0.0570621
